60761
2733
57850
6687
20977
30942
6596
7395
14728
37465
2150
36445
30835
9422
4213
48704
11082
38676
37200
46367
45139
21060
35728
49498
29545
11990
12364
32325
50221
52793
44299
45446
55526
36613
52134
10967
2019
58730
18362
16748
30659
20512
53193
61494
29934
57406
44662
41016
30546
16327
21847
10149
37387
57576
59648
1397
4030
6476
33722
54251
59269
12485
34162
49259
49098
20760
60226
51117
13954
13052
2329
44613
33564
55522
40571
63499
47392
19698
38979
12402
36025
60827
22552
7876
52867
16664
9273
56897
23140
42995
45613
16873
55480
14239
596
39042
34999
60822
24624
48953
8338
26953
28030
41902
16940
3065
39865
64332
22763
13309
11199
58788
8600
33751
1129
61467
50415
10402
52828
8019
53398
32905
24892
43342
47144
25488
16849
16607
20774
41473
24
29112
2890
28054
5478
19830
31120
45344
18627
53883
58653
29826
47136
1717
63577
48265
63184
48456
58667
50476
56475
46529
17846
15831
24336
64990
41319
41185
16062
62093
17122
16086
25669
20012
44141
31147
39843
9725
10955
58470
63608
4072
22760
45208
5789
20801
27937
3437
3721
21069
53914
60196
2062
6224
10491
26398
5678
51810
2047
21740
48367
19169
37827
8500
39182
16432
39647
13489
26157
50603
6423
24229
54675
29183
3902
60465
49984
31839
63902
53705
52908
52280
48365
54971
58504
58856
15833
64183
45130
17881
20387
27961
37050
58214
36461
10696
9110
10572
24185
35267
61175
30608
59497
50315
59791
63399
45244
44239
29702
43610
32408
17075
30355
15237
6510
23323
8557
22343
21970
53687
40224
42358
16112
11739
35036
52573
22435
44147
63146
46621
13878
58785
11693
7839
43564
5949
5702
23272
50188
35405
1347
17061
52480
31702
32298
58990
55025
40856
15797
11460
29007
56022
53818
45120
2225
23318
32157
24660
1929
29767
5745
15808
23017
17439
23647
1045
23388
29350
24318
8040
64755
25665
25101
51699
57367
57400
45153
46856
32720
60950
58316
61727
51436
46598
41311
53661
4381
7933
12786
6310
37700
18531
22118
60717
35970
45766
61763
59358
9580
20545
1863
8799
46210
26964
60498
38041
18828
40115
19361
51548
35529
12142
47740
21430
58740
23515
9555
63121
31448
22341
3896
3613
40873
26014
64330
11307
6244
60557
5130
15824
15566
6993
24623
61776
33957
19585
34281
52786
59700
53643
38798
29694
249
21002
51124
58989
44518
60679
56575
10430
17485
60471
14043
58358
20949
12838
4129
27194
7859
9259
43018
23426
16252
2106
19666
50210
21691
53948
37460
15856
42055
10722
45550
42304
31725
31138
35757
10707
26281
26796
21137
43766
21731
35181
36588
42681
48019
40718
4339
55878
49977
47357
13768
694
49463
33435
50904
5619
21847
22828
21475
63902
33550
1489
40670
65275
32627
10891
10446
58908
37688
31584
37139
59419
1229
8191
36564
49248
48909
40903
39590
33351
22725
53359
34045
6652
21258
19413
12271
43105
42241
33746
41471
10255
35235
16605
9995
2326
27496
20441
61235
65184
52025
32838
59068
53254
41029
30096
36966
24403
5464
11021
57754
28189
64380
26263
34841
20102
45676
47113
63207
22381
15323
39142
32636
50559
55747
42631
52885
17707
63073
48584
17356
49562
15886
10888
37281
56916
40984
8711
15783
46448
19732
8001
9101
18576
34264
43943
38678
14404
25520
36349
36785
40843
9955
3885
25866
166
46517
13216
17874
44054
61800
35230
28080
12151
46118
65361
3531
21566
8537
19314
2479
28269
27315
11580
46846
61579
55523
19988
10447
15507
56338
47232
56351
757
51117
16681
924
32098
29897
18798
10616
26162
54028
38697
38313
34610
38522
41844
56176
47059
61158
58655
9793
22937
4700
56639
18980
60223
11091
29427
10195
1893
11123
1010
2651
62240
17691
3575
28803
47589
22373
39419
8215
10865
12580
46528
45475
51103
22836
36115
32626
18458
29235
42419
41395
33935
33522
60375
28622
44614
24266
38817
46507
35389
39827
49158
32093
57519
52733
60896
39572
9570
34780
47787
20435
47360
28779
374
32927
51615
36490
18
4537
189
42437
45932
34124
10424
40771
62746
55038
65037
36028
36009
34890
10319
19632
1447
2302
6829
62344
41874
16400
31588
24125
36835
13412
52904
37210
46340
38983
8164
46358
43520
8353
23259
23916
42477
33683
64687
39687
23185
64188
10179
59195
33542
20499
13291
34990
22801
20120
31798
64676
36520
63386
23265
7820
11262
10634
45030
57602
49617
53194
38424
27602
61547
61684
51518
38488
29831
50670
12639
53017
49322
22819
46676
17329
43318
59967
52319
583
14551
18581
65259
51072
16431
22989
58892
27693
33623
38386
19760
17704
26044
58184
45306
22055
54332
31289
60543
18628
16423
7646
6109
209
30465
52785
17538
8247
47216
4321
8831
61767
22902
8554
47303
39333
31543
40659
1491
65166
13509
21251
17335
39553
13899
62641
61608
2696
28394
56615
21324
44817
64262
27433
45027
29191
14682
62565
37439
61898
1351
46270
58129
24253
54824
39897
63587
20832
15020
65078
20462
28530
20793
37797
2547
34692
34903
64156
37388
63297
55235
58712
42579
53961
20609
22070
17617
35291
19099
55056
31653
20450
35790
24247
44704
25078
64144
42755
45910
13628
42297
837
42158
63090
38634
44706
32246
8001
43326
4099
5763
33025
62811
48342
21451
17885
4876
39068
53176
23975
28588
19294
44426
64378
43541
23594
23920
42149
813
4295
55777
43110
5132
32400
40664
43766
11570
7374
51768
54896
11473
57531
22385
8749
40337
43836
26634
45213
17368
14274
3652
45956
33568
48078
44798
11573
6136
3183
53722
6949
7478
43964
50059
12610
10828
25187
56376
22398
32562
42608
11758
44035
34603
34143
52784
9404
12444
13882
54617
29812
28157
58270
10233
61725
40812
55031
7763
46949
58214
61485
53898
156
39913
38422
12766
50741
63609
3607
7603
30635
46215
19361
9135
15283
53505
61919
24687
413
10266
13769
30225
38423
6503
40458
34612
47315
29954
42375
28728
22632
38325
17091
22789
12702
55513
35555
63444
53586
39162
5511
18686
19842
24873
27821
35125
12842
24204
59812
13255
34470
8045
43480
7357
14548
18403
41970
61864
48357
18809
25056
5453
57134
42147
28242
4301
32124
63798
2209
20175
37424
7720
38861
57266
32593
1146
26855
45435
25350
21132
58690
59821
29177
36635
1642
43726
55038
43612
40054
37859
62422
65110
43312
54020
41722
6019
58321
8310
